  58 212 160  39 206  32 131 213 219  49 152   4 104  72 196 102
  36  31 173 129  33 107 195 214 154 227 238  69  67 124 121 197
 147  77 178 214 110 225  44 100  36  54 124  84 115  10 251  32
 244 132 141 129 218 226 163 128 173 120  70  33 123 120 147 212
 201 208 246   8 171 203 240 243 115  58 159  39  61  90 179  89
 255  66 175 167 220  75  50  85 147  79 255 187 154 135 107 204
  57 113  94 173 212 144 116 206   4 169  64 126 128 145  17  95
 205 242  66  58 142  53 216 152  84  53  99  20 206 229 160 191
 140  18  28  14 128  50  56 218 100  84 249  34 106 129 153  20
  98  98 120 191 200  69
